Results

Enter the size of the array: 250
Enter the elements of the array (separated by spaces): 87 42 95 18 64 39 52 73 26 61 56 33 49 76 65 38 24 70 89 97 43 62 91 55 36 82 30 20 79 69 21 67 85 57 74 28 94 60 46 17 19 98 29 80 68 78 84 23 35 48 45 90 86 15 88 92 71 47 93 81 22 58 53 50 66 63 54 31 37 75 59 51 99 40 72 77 44 96 41 34 27 25 32 83 16 14 12 10 13 11 09 08 07 06 05 04 03 02 01 00 122 113 120 149 129 148 107 111 105 103 144 131 141 115 145 110 140 147 125 101 135 106 150 114 108 132 137 112 139 123 130 136 104 146 124 102 138 116 134 119 126 118 109 128 121 133 117 127 143 142 146 151 167 187 153 180 199 165 168 184 172 155 156 159 186 198 188 154 194 163 181 177 170 162 197 164 166 193 185 161 169 152 195 175 191 174 183 176 179 158 178 182 192 173 171 196 190 157 160 150 210 242 232 268 240 231 220 246 257 244 230 223 269 263 239 233 249 253 227 260 259 215 211 225 235 250 256 264 266 238 262 206 256 208 228 218 261 217 221 207 234 227 258 255 222 267 245 237 227 219 237 248 208 236 226 238 241 230 237 209 247 265 228 214 254 219 251 252 270 248 265 275 293 286 278 299 294 272 287 281 271 276 291 295 267 284 285 296 297 280 292 298 277 288 283 282 279 273 268 290 274 289 286 282 297 271 293 276 283 266 294 296 292 295 298 291 299 288 287 273 272 284 290 280 285 277 298 294 296 292 283 281 291 299 290 297 273 286 285 274 279 294 292 298 277 287 273 281 281 299 275 297 297 297 298 288 290 287 298 299







Sorted array using Bubble Sort:
0 1 2 3 4 5 6 7 8 9 10 11 12 13 14 15 16 17 18 19 20 21 22 23 24 25 26 27 28 29 30 31 32 33 34 35 36 37 38 39 40 41 42 43 44 45 46 47 48 49 50 51 52 53 54 55 56 57 58 59 60 61 62 63 64 65 66 67 68 69 70 71 72 73 74 75 76 77 78 79 80 81 82 83 84 85 86 87 88 89 90 91 92 93 94 95 96 97 98 99 101 102 103 104 105 106 107 108 109 110 111 112 113 114 115 116 117 118 119 120 121 122 123 124 125 126 127 128 129 130 131 132 133 134 135 136 137 138 139 140 141 142 143 144 145 146 146 147 148 149 150 150 151 152 153 154 155 156 157 158 159 160 161 162 163 164 165 166 167 168 169 170 171 172 173 174 175 176 177 178 179 180 181 182 183 184 185 186 187 188 190 191 192 193 194 195 196 197 198 199 206 207 208 210 211 215 217 218 219 220 221 222 223 225 227 227 227 228 230 231 232 233 234 235 237 238 239 240 242 244 245 246 249 250 253 255 256 256 257 258 259 260 261 262 263 264 266 267 268 269 
Time taken for Bubble Sort: 0.000232 seconds

Sorted array using Selection Sort:
0 1 2 3 4 5 6 7 8 9 10 11 12 13 14 15 16 17 18 19 20 21 22 23 24 25 26 27 28 29 30 31 32 33 34 35 36 37 38 39 40 41 42 43 44 45 46 47 48 49 50 51 52 53 54 55 56 57 58 59 60 61 62 63 64 65 66 67 68 69 70 71 72 73 74 75 76 77 78 79 80 81 82 83 84 85 86 87 88 89 90 91 92 93 94 95 96 97 98 99 101 102 103 104 105 106 107 108 109 110 111 112 113 114 115 116 117 118 119 120 121 122 123 124 125 126 127 128 129 130 131 132 133 134 135 136 137 138 139 140 141 142 143 144 145 146 146 147 148 149 150 150 151 152 153 154 155 156 157 158 159 160 161 162 163 164 165 166 167 168 169 170 171 172 173 174 175 176 177 178 179 180 181 182 183 184 185 186 187 188 190 191 192 193 194 195 196 197 198 199 206 207 208 210 211 215 217 218 219 220 221 222 223 225 227 227 227 228 230 231 232 233 234 235 237 238 239 240 242 244 245 246 249 250 253 255 256 256 257 258 259 260 261 262 263 264 266 267 268 269 
Time taken for Selection Sort: 0.000155 seconds

Sorted array using Insertion Sort:
0 1 2 3 4 5 6 7 8 9 10 11 12 13 14 15 16 17 18 19 20 21 22 23 24 25 26 27 28 29 30 31 32 33 34 35 36 37 38 39 40 41 42 43 44 45 46 47 48 49 50 51 52 53 54 55 56 57 58 59 60 61 62 63 64 65 66 67 68 69 70 71 72 73 74 75 76 77 78 79 80 81 82 83 84 85 86 87 88 89 90 91 92 93 94 95 96 97 98 99 101 102 103 104 105 106 107 108 109 110 111 112 113 114 115 116 117 118 119 120 121 122 123 124 125 126 127 128 129 130 131 132 133 134 135 136 137 138 139 140 141 142 143 144 145 146 146 147 148 149 150 150 151 152 153 154 155 156 157 158 159 160 161 162 163 164 165 166 167 168 169 170 171 172 173 174 175 176 177 178 179 180 181 182 183 184 185 186 187 188 190 191 192 193 194 195 196 197 198 199 206 207 208 210 211 215 217 218 219 220 221 222 223 225 227 227 227 228 230 231 232 233 234 235 237 238 239 240 242 244 245 246 249 250 253 255 256 256 257 258 259 260 261 262 263 264 266 267 268 269 
Time taken for Insertion Sort: 0.000052 seconds

Sorted array using Quick Sort:
0 1 2 3 4 5 6 7 8 9 10 11 12 13 14 15 16 17 18 19 20 21 22 23 24 25 26 27 28 29 30 31 32 33 34 35 36 37 38 39 40 41 42 43 44 45 46 47 48 49 50 51 52 53 54 55 56 57 58 59 60 61 62 63 64 65 66 67 68 69 70 71 72 73 74 75 76 77 78 79 80 81 82 83 84 85 86 87 88 89 90 91 92 93 94 95 96 97 98 99 101 102 103 104 105 106 107 108 109 110 111 112 113 114 115 116 117 118 119 120 121 122 123 124 125 126 127 128 129 130 131 132 133 134 135 136 137 138 139 140 141 142 143 144 145 146 146 147 148 149 150 150 151 152 153 154 155 156 157 158 159 160 161 162 163 164 165 166 167 168 169 170 171 172 173 174 175 176 177 178 179 180 181 182 183 184 185 186 187 188 190 191 192 193 194 195 196 197 198 199 206 207 208 210 211 215 217 218 219 220 221 222 223 225 227 227 227 228 230 231 232 233 234 235 237 238 239 240 242 244 245 246 249 250 253 255 256 256 257 258 259 260 261 262 263 264 266 267 268 269 
Time taken by quicksort: 0.000072 seconds

Sorted array using Cocktail Sort:
0 1 2 3 4 5 6 7 8 9 10 11 12 13 14 15 16 17 18 19 20 21 22 23 24 25 26 27 28 29 30 31 32 33 34 35 36 37 38 39 40 41 42 43 44 45 46 47 48 49 50 51 52 53 54 55 56 57 58 59 60 61 62 63 64 65 66 67 68 69 70 71 72 73 74 75 76 77 78 79 80 81 82 83 84 85 86 87 88 89 90 91 92 93 94 95 96 97 98 99 101 102 103 104 105 106 107 108 109 110 111 112 113 114 115 116 117 118 119 120 121 122 123 124 125 126 127 128 129 130 131 132 133 134 135 136 137 138 139 140 141 142 143 144 145 146 146 147 148 149 150 150 151 152 153 154 155 156 157 158 159 160 161 162 163 164 165 166 167 168 169 170 171 172 173 174 175 176 177 178 179 180 181 182 183 184 185 186 187 188 190 191 192 193 194 195 196 197 198 199 206 207 208 210 211 215 217 218 219 220 221 222 223 225 227 227 227 228 230 231 232 233 234 235 237 238 239 240 242 244 245 246 249 250 253 255 256 256 257 258 259 260 261 262 263 264 266 267 268 269 
Time taken for Cocktail Sort: 0.000044 seconds
[?2004h